89812
102865
258152
82630
187087
8623
137344
19399
51223
245864
13599
253921
43201
155012
141806
188955
264241
52953
109049
184364
82024
129128
184949
219326
237822
109334
111136
163751
118646
205274
165301
116723
260577
179040
17368
138942
219270
249310
61290
30565
97765
208611
38921
127127
19658
101189
261064
265179
59898
206070
268305
170620
113134
121208
220689
68810
28307
193479
19828
186511
127930
151255
240691
156946
7321
187341
268442
226599
139175
159965
86237
74086
259013
160333
182669
197740
95816
206361
127053
170348
185633
236785
66547
29847
38142
93827
90794
260811
131089
154219
131954
79174
71799
148438
148624
212016
10781
23929
151543
252817
14719
68093
135182
251740
49039
248241
186570
34888
54527
206371
63450
240951
26569
198390
97325
180435
42937
17690
75170
142438
201163
115778
15052
47558
60040
79720
180669
247369
175514
184581
2655
128880
40278
105322
63988
27000
210852
240578
24617
95346
182065
219503
160707
109143
47056
56908
241525
3517
75348
110329
96826
200092
139695
227330
59900
173937
226439
205716
41057
85890
80465
47148
91082
61393
265986
85328
35452
42594
15111
256581
258471
247056
86286
38697
231139
50323
180329
39605
240323
175530
38230
8374
151346
252121
258742
23524
220090
132229
35114
130251
2712
13225
233446
29498
244169
130024
47620
175097
150030
243563
200420
65988
128409
142984
209784
105512
234793
266288
185318
140306
108520
160641
133962
80109
240347
262327
51366
27724
246221
41908
128332
230066
180946
200004
66621
242159
25397
17506
179657
158917
160173
86323
155318
66471
6703
263422
168167
103632
8490
63051
79347
58984
121114
203790
15002
198097
230983
189166
105693
114138
208680
36290
1876
127490
255902
18664
182736
139076
15208
251239
91431
62693
28419
144924
237315
176228
186581
104963
36365
236616
246140
130406
65836
89056
99327
3721
100830
28448
161067
19315
78349
97427
98055
132906
195638
51757
3889
34757
24112
263480
252614
180972
170326
215602
173131
47924
62027
104329
72351
233000
1414
174708
94022
128439
217900
239010
88520
59261
114148
155801
221526
212587
235951
74242
242973
159218
162946
219360
202773
72525
241112
13069
38464
70488
223504
263964
208592
117773
71968
36624
117113
81136
59613
183851
169283
257983
76932
29696
186279
253622
131784
140632
3945
207495
100802
54384
84081
145230
172778
130611
186202
25806
233292
208606
262429
57029
21721
52314
84501
135260
29981
140687
146932
178760
31340
231499
97115
55367
198351
28514
105301
240055
168113
10998
672
184030
29739
186884
114750
42088
25777
129625
41715
162654
6058
46083
11757
77814
31391
242954
134265
104189
245390
105988
249879
261786
108155
220260
145164
197707
73704
12193
205586
164259
172004
216015
116856
169793
196392
55898
59913
231233
204344
139676
95198
37598
17846
132268
157363
52858
208812
258069
255767
118779
107447
230894
55455
159750
71041
91859
173161
102589
79111
205107
255994
127335
242068
111054
57360
38505
229705
97824
263734
231804
26224
190799
224788
119552
136533
160377
59774
104962
111176
228369
148406
192700
48362
197807
54783
13887
177337
117284
61204
140668
126731
192444
124224
33206
207818
55994
99697
233288
221196
5076
140773
195158
7069
194798
196062
6418
82888
87915
3701
205429
243937
266926
99995
5351
267585
118367
66027
247616
48826
24718
61183
73828
221220
261744
181342
82447
102786
183349
241568
149958
138135
152588
80187
104238
34144
46809
13996
113785
245902
203018
206250
240346
200633
212856
22730
97721
22157
62138
229962
216986
132581
162423
61782
2488
158331
161232
121420
80070
209154
11947
172443
3234
227448
48713
103137
251266
58238
61987
119856
212483
238079
241879
48629
188571
213058
243348
80236
213579
237798
101384
73429
65761
206335
137347
224246
264889
243486
71066
63191
203328
52113
139226
228652
108294
79655
154606
86562
93188
63557
147794
139714
148931
178636
226876
143869
38214
38738
31803
225905
46890
130409
236017
225462
173980
233620
101836
182622
112227
105573
260072
83686
148270
11388
180834
267656
18396
15722
264135
36211
115420
54691
69323
4845
218705
123391
37613
194995
21398
238990
36528
248760
228993
46306
4874
205289
180263
50521
203059
152062
201077
60960
45577
205623
253280
11944
253179
194532
241464
153434
36735
96192
35752
258773
122082
78666
268378
200703
262194
186013
99082
123312
53013
155539
165492
98733
227420
254387
169250
166041
211312
214972
129208
138626
109561
117792
39962
8373
235840
125309
128935
58211
3242
218572
148506
9840
57305
131599
75460
45688
252385
254529
26503
233563
165849
171373
122265
252712
21945
94147
185116
244839
246118
11411
244285
106576
98803
241652
267398
95769
35304
103702
118461
101302
163732
120427
100694
234632
149156
219503
251614
208236
157999
246075
263394
102689
41536
89560
54736
34083
105015
225994
22157
53807
38078
246252
85021
228983
197360
153321
109999
225407
130135
165360
157383
267870
112961
25001
195765
190039
130193
146501
130717
8380
208768
261634
214949
95037
163946
160715
264619
205755
65723
146577
258468
125726
210733
200906
78372
110080
213913
245399
249034
95902
34545
251320
106611
186108
232926
196457
86439
135417
34859
228663
38906
179226
235914
109697
136487
221310
118119
12179
151002
209927
132416
228222
179222
61368
59496
19824
196489
38809
250009
143721
25641
150847
10027
240413
86038
76437
214948
42926
183326
121543
252151
165695
228839
32463
256078
168789
109926
254988
72092
139839
251605
147110
258662
202034
83387
243999
250198
46265
237907
144797
165816
84282
266961
122187
164936
41803
70009
258177
37495
209680
11456
2684
111942
129458
188011
112587
34023
242247
78726
238750
11919
36860
116279
13989
47829
78980
59202
130604
154760
176721
169319
255764
32772
63983
94394
128369
115397
218086
209727
169716
242930
183285
68413
70823
89338
111496
151225
164318
82339
221288
49089
132590
82080
128265
258311
169445
9289
539
20928
82486
36268
112128
260223
60317
124523
101489
27907
111601
99055
266130
218292
99021
52713
233946
220739
11954
122067
137200
106689
7467
185970
126549
45579
39781
27432
156192
53729
17053
27428
38326
131093
209169
34051
124206
209457
26565
261511
247115
8173
176887
266095
231617
157022
30739
240193
22172
198706
231034
248356
129080
94407
18888
113555
181248
120010
4058
117085
217513
60178
55560
227844
211864
225535
91808
109534
11109
181281
70444
237641
117339
256710
37419
176574
259438
12835
183709
250866
538
196258
39099
237848
141210
194022
181217
115755
65181
101806
239247
29861
161496
67901
59604
123074
224586
158115
128050
114012
220106
86956
24909
101403
96326
193833
31975
4812
219786
163966
253982
227806
131005
102376
181394
88869
200724
4508
195075
119573
12180
44043
194748
106796
222602
132265
