55310
223930
94754
240603
32459
257468
240900
257325
36051
120557
204434
257981
95356
142518
4123
223606
237613
131788
136812
191852
106518
78453
100136
130341
82442
12447
232158
244886
30499
187568
29040
22087
54521
184223
77599
156747
156950
101941
2024
67646
225763
81626
131060
119817
60878
58757
22510
62075
114667
120384
11028
48000
53221
113340
84152
171455
39424
124120
143100
183105
77353
237693
58165
42563
13742
68377
81800
168292
50588
118222
83780
66531
254616
65902
152666
134986
25036
152230
189179
206108
38698
231686
14030
94120
235764
121116
25621
162086
229978
112147
147718
202392
221270
49405
106306
58158
214426
236652
170387
15600
199499
234662
213568
145014
99089
256466
69212
64421
155517
48095
180332
11911
131209
181963
227685
202928
250084
198977
239218
5070
44415
38656
205879
109651
123607
148355
154796
137375
155933
246136
226062
87163
95939
142094
226175
51769
134762
238714
133853
252460
175409
173789
36240
152985
11375
98582
141539
152532
176029
254452
95389
37622
252539
191604
121935
30439
207850
211759
197305
6914
150466
223096
21202
218240
207869
171457
241467
15575
132188
78012
154731
67374
91095
85174
76732
45095
8073
31876
110399
144995
198650
302
109274
210036
113464
131887
61849
80987
189522
55765
107201
211317
144579
77670
5216
211850
95249
27651
104522
246318
66363
144377
161140
136069
10377
234040
4258
122338
221909
93024
72649
229448
258010
174830
247661
54703
50872
205087
135698
27210
112254
67019
118628
168412
228081
44691
130734
51386
205085
25910
54948
195953
106588
93914
139939
16948
37655
5489
106117
12311
57672
72051
126675
165829
195738
85179
232026
253266
78091
24937
30949
238708
203134
162683
228792
220057
96464
135477
49680
175424
165836
212519
126871
240557
19165
236401
109610
103983
61166
85916
56521
121384
240299
97988
143006
135851
138458
67175
21872
181459
236310
201811
8287
201166
131368
88476
120621
96613
131421
112185
130463
10034
166650
102672
141911
186931
179462
242008
83330
135060
231087
182454
134084
209399
87660
230450
227949
212183
101267
41497
113686
239643
252666
73392
186264
214514
85832
108915
130578
192391
198196
117130
195783
37189
26860
94159
140848
103782
175639
13565
134579
103937
122537
245862
85618
112422
213581
86042
81801
140047
27066
239254
144520
133587
240458
172934
31797
198805
124771
139082
156948
150923
136846
255819
7980
45399
40053
97885
254809
106083
200557
118114
229620
67041
106852
50156
42133
64648
225761
59969
4210
186178
150026
159312
544
199087
97725
230927
7452
152614
8689
202940
193250
29724
234161
254211
250921
42608
115397
257571
54077
104376
222971
206185
211740
20265
77371
90676
47442
33263
44360
39362
145783
106936
144193
86485
202062
449
206382
218266
44771
246242
56677
172608
210305
162339
96406
150875
52338
118483
98498
191498
122477
13944
178465
146600
82368
171707
91838
22201
171530
188427
108935
190616
221961
241501
44279
49437
33674
19448
222536
139962
45832
96380
242027
91399
11569
2455
195781
15313
3251
54905
214815
107672
37826
255032
168447
210746
201806
105161
251653
8287
256942
117191
101101
89130
109935
90824
181518
88580
54508
143866
172197
137343
76558
138030
251907
200553
73321
117844
81693
228823
91948
157224
114814
230705
6795
166353
147475
235442
252885
22658
225417
15909
165754
112588
6511
185911
198771
125808
113414
68531
141460
195798
9636
203518
198250
8439
33996
228306
247235
85966
180968
57
165021
72334
61524
31201
171878
77381
17620
9478
169025
217039
52295
227510
142208
36052
86727
159630
87699
86786
247299
76086
231330
108558
23813
114973
35894
8210
190631
66306
166633
32616
138140
90766
135634
118542
14675
192745
130832
186084
111736
179119
225421
222749
152649
228733
209748
146367
146398
181725
42686
227042
146911
243165
21565
128412
140288
82068
60286
65405
84821
91596
197482
197493
171578
134511
6200
1811
45238
122401
150235
43916
105200
96127
121442
316
138529
169941
16917
241398
58198
114220
180098
19947
826
113190
239434
101229
60692
254231
69192
91617
181152
140917
218801
211135
17974
181687
207569
222840
109593
83730
84214
106563
75510
29857
231906
46734
17356
115348
143931
3756
69904
45321
216531
27537
69210
190387
198698
54199
42448
84371
3826
56469
173687
162584
65673
148773
157025
195904
164338
173539
214550
203654
199887
67017
217195
60116
21681
218595
33206
6468
109151
200694
57331
10325
25114
157487
32612
185286
64073
74794
189545
4729
180720
85419
90654
49038
126510
147689
56805
95434
236350
109403
27184
32118
3157
167564
131820
134448
216321
23001
106780
41136
82784
242157
61409
136440
86813
72880
252135
12227
47803
63161
191720
168165
38188
87524
62597
13812
219488
109846
166364
32584
142664
207843
54749
29060
13377
65446
222310
93681
61318
195223
222690
188666
76749
59530
216767
164547
141059
11792
105318
64231
206023
136213
3907
204958
229922
221729
82716
233106
31967
213792
88816
27404
177261
124906
60542
249639
224674
5822
181805
145803
102747
110721
166660
81246
150570
23405
177231
55870
229359
53752
252589
152675
162563
126387
46707
28689
98920
76858
197680
167143
115841
127372
125711
240997
35522
149513
204457
21829
25853
173271
81990
68496
238172
181805
223037
60099
173590
98753
252634
70799
223148
225321
73515
220476
231259
94038
225185
38084
204465
150072
53793
61842
98945
98599
54055
34481
211769
54143
98776
246989
136800
137205
130253
195145
234086
41545
129600
143621
217538
93531
110410
152692
214942
92710
112482
167735
43947
62377
5875
97335
73511
212420
188850
66250
33147
98244
91509
232454
93761
212620
186456
148301
144012
181834
149032
241690
71810
159337
198384
45029
195130
223413
94717
17864
204768
117401
101107
80432
986
198157
130769
234133
106006
212655
244911
183038
61877
46493
60378
141701
220799
122431
244180
73092
183930
170148
251419
179365
104452
204169
257284
252365
190378
232428
184385
24821
22982
25630
67256
213545
146212
249807
63969
81769
18333
136737
92964
81439
89528
86615
33312
139479
240190
203754
162821
96130
155380
123237
53270
168225
1239
252326
89817
246742
113170
176868
4359
88993
177641
209549
190909
196586
250790
63100
60721
226734
141861
174997
193106
17977
252359
70494
73426
243905
74929
67728
89757
206337
236580
164566
210222
239944
6573
170706
63356
247323
138379
8031
195783
64754
53932
16865
229148
236619
88097
151859
45879
96807
168080
102222
85820
6855
6227
224293
205093
82160
136933
53284
195272
12293
106401
27881
114015
18526
174612
165778
170711
205553
160880
86346
99518
184005
117068
80625
184943
22806
122136
90371
123695
169530
48563
211179
144087
52923
105021
5477
69881
22260
73363
57310
234032
48088
156574
241656
